Numen· 550 5555555551511515. 181

aquarius cui uomcn 55 55015 11345, fulgentis 1515, Ι 566’, siccasi 610,
5155551450, 5155515505553505, frigentis 1 314, gelidus 111 344,
semper 1550555 114395, 3550555 15155115 1443, 5555151555 1590.
urna 11 354, 05515115 V 491, 1555 arctophylax = bootes 1314.
5111511960, astrum 1555511511351, 5551555515115110 des Bootes 5, 359,
3550555 15511555 11354, 1555515 1313, 551531 1115555055 1555511553
51 5555 11406, 551555 55015 515 5, 360.

05555550 11334, 55513555 55015 553155 5, 905.
11931055151551115555555555515155, Argiuum 551151694.
4, 959, 4515555555 4, 961, 5151155- 5535 1 419, rutis heroum V 13, 055151
551155 3515551-551153550551055 551 8551555515 5, 4011.
4, 511, 55555551 (1555 0151115155 vou 55155 55155555 51355555 l, 963, curato
Pelusium 515 Pamphylleulll 1913 15 5511555 1963, 55555115511555
550 015 35515555155 11464; 15151 pontum 11515, 51551 5511555 51351
055155511446. 111445, 5555151555 555 15535 11919,
equile 1,349, 15515 5155 1343, supine Phrixei 5511555 51351 111304, fructus
1633, 355551 51551 rum z 5, 431, 15 uulgum· 055114, 193, 15 medio
kommt nicht 55515 51515155 5, 431, mundo 4,144, 513551 555 11653,
3151 1115555 (155 1105135 5, 503. currens 11 945, 55155555115155 451-

555115555110. 3553 4, 505, 3551515553 55 Jupiter

555 1491. 431, V 11, 1555555 5, 341, Ammon 4,151, (155151 551 11511-
055151 eus 0551 11155555 15155155 55551,11511535(1155 1113011, im
1345. 555555555559515550551151555055

*Arabum 1965, 455555 molles 11 654, 11 51011, ,55555551 (1555 Pontus,
Arabicum mors 4, 659. Propontis, 45555151 Persis, 055
ξ45555555 triumpho 11 136. 111-1550 1114611, ilerdae 115551

455155 cilix 1963. 999. 314. 319. 354, 11 456, 55155 Τ5151 (155 Pullus
363055. 11439.

4555515555 5155515551 191, itiner Aristophanes Thesmophor. 5566.
133, 5515555015 111146,1111111309, 45151515155 1,139. 391.

55553155 11 304, rabit 11461, 5511555115555 115155 3, 410 5. 0.
seuguer· 1301. Armenia 11161.

5551155555 (sagittarius, centaurus) 55155551555010111 11963.
mixtus equo 1910, iunctm equo 55515 5151515 11114.

11 113, duplex 11 133, biforem cor· Asclepiades von llyrleu 9,150. 914,
pus 11930. 115· 551531 Tier- 4,133. 156. 169. 946. 954. 39. 914
55501355, 3535555511555 11930, 533, 5, 39. 31. 109. 151. 191. 993
55131 beim 55155 primus 1115553135, 934. 911. 331. 994. 319. 335. 349.
6150153555055, 3130155551555511 365. 431. 613. 639. 641. 110.
seulement (1555 creta 5. 51555 5551115115.

1511 555 31511155 11 13311, iiber 015 45151551355555 4616, 511555 11699,
3515551551 Π 464, 15151 der 111555 potens 11630, dives IV 611.
Π444. 55555155 9,133.

555165-- 1151155, urse maior 1555. Aspida* 4, 333.

1694, 5551554 1,566, arctos 1931, Assyrium* 11199.
3551555111339,515551933,555555 astru 1. 15555. 05511535555555511555
frontibus 1451,15555555555 1594, 11196, 55515515111 133, submerso

 

